15
0 1 20
0 2 30
0 3 15
0 4 20
0 5 64
0 6 23
0 7 45
0 8 35
0 9 35
0 10 35
1 0 30
1 3 59
1 2 20
1 4 65
1 5 23
1 6 12
1 7 23
1 8 14
1 9 3 
1 10 65
2 0 30
2 1 15
2 3 40
2 4 3
2 5 3
2 6 8
2 7 86
2 8 4
2 9 4
2 10 43
3 0 30
3 1 25
3 2 40
3 4 34 
3 5 32
3 6 13
3 7 23
3 8 24 
3 9 4 
3 10 7
4 1 7
4 0 6
4 2 57
4 3 8
4 5 34
4 6 76
4 7 34
4 8 23
4 9 45
4 10 23
5 0 23
5 1 23
5 2 23
5 3 3
5 4 3
5 6 7 
5 7 8 
5 8 8
5 9 8
5 10 7
6 0 6
6 1 8 
6 2 45
6 3 45
6 4 65
6 5 34
6 7 34
6 8 34
6 9 23
6 10 12
7 0 23
7 1 34
7 2 76
7 3 23
7 4 23
7 5 54
7 8 23
7 9 43
7 10 23
8 0 11
8 1 15
8 2 14
8 3 14
8 4 14
8 5 43
8 6 35
8 7 56
8 9 35
8 10 76
9 0 45
9 1 24
9 2 76
9 3 54
9 4 34
9 5 65
9 6 35
9 7 67
9 8 67
9 10 56
10 0 23
10 1 67
10 2 3
10 3 2
10 4 3
10 5 54
10 6 34
10 7 24
10 8 43
10 9 23
11 0 24
11 1 68
11 2 23
11 3 56
11 4 33
11 5 58
11 6 34
11 7 24
11 8 43
11 9 23
12 0 34
12 1 42
12 2 37
12 3 29
12 4 34
12 5 89
12 6 23
12 7 28
12 8 43
12 9 23
13 0 45
13 1 53
13 2 45
13 3 67
13 4 24
13 5 34
13 6 45
13 7 23
13 8 67
13 9 26
14 0 23
14 1 67
14 2 3
14 3 2
14 4 3
14 5 54
14 6 34
14 7 24
14 8 43
14 9 23
15 0 46
15 1 35
15 2 24
15 3 45
15 4 34
15 5 65
15 6 76
15 7 24
15 8 54
15 9 67
0 15 8
1 15 78
2 15 67
3 15 34
4 15 73
5 15 65
6 15 2
7 15 87
8 15 76
9 15 54
10 15 34
11 15 76
12 15 45
13 15 42
14 15 23
 
 