7
0 1 20
0 2 30
0 3 15
0 4 20
0 5 64
0 6 23
0 7 45
0 8 35
0 9 35
0 10 35
1 0 30
1 3 59
1 2 20
1 4 65
1 5 23
1 6 12
1 7 23
1 8 14
1 9 3 
1 10 65
2 0 30
2 1 15
2 3 40
2 4 3
2 5 3
2 6 8
2 7 86
2 8 4
2 9 4
2 10 43
3 0 30
3 1 25
3 2 40
3 4 34 
3 5 32
3 6 13
3 7 23
3 8 24 
3 9 4 
3 10 7
4 1 7
4 0 6
4 2 57
4 3 8
4 5 34
4 6 76
4 7 34
4 8 23
4 9 45
4 10 23
5 0 23
5 1 23
5 2 23
5 3 3
5 4 3
5 6 7 
5 7 8 
5 8 8
5 9 8
5 10 7
6 0 6
6 1 8 
6 2 45
6 3 45
6 4 65
6 5 34
6 7 34
6 8 34
6 9 23
6 10 12
7 0 23
7 1 34
7 2 76
7 3 23
7 4 23
7 5 54
7 8 23
7 9 43
7 10 23